569815.4 6881478.3 638.3
1025305.8 7137924.6 917.9
950803.5 6747499.5 1121.7
696404.7 6227899.5 689.3
602507.5 6641882.4 698.0
923562.0 6507448.4 1441.0
988945.2 6761719.9 1218.5
602923.1 6874561.2 657.7
486337.2 6820046.3 688.5
465030.2 6603893.5 701.7
46251.5 6101291.1 567.4
958978.5 7087532.9 743.5
1218427.9 6232497.8 714.6
882363.5 6477201.9 1058.7
1022222.7 6321857.3 1039.3
814386.2 6295581.6 734.9
1030409.2 6284184.4 767.8
951048.3 6901667.5 814.1
1181752.0 6108734.7 869.0
616429.6 6445235.6 1298.7
711817.8 6264111.7 1041.1
161013.1 6866853.8 901.6
684827.1 6548120.4 908.6
663539.5 6144533.6 1237.4
970605.9 6874089.1 819.1
1041523.4 6837768.0 948.8
896034.5 6273057.0 737.2
377673.7 6959506.2 818.0
570143.5 6326998.6 844.3
348117.5 6582422.1 832.4
629039.0 6888269.6 663.5
668326.0 6173431.5 869.0
343370.8 6752960.7 760.0
1100473.9 6830386.0 1132.1
963894.2 6431995.6 1171.8
730861.4 6563430.6 793.2
1161595.8 6561931.8 1794.8
351629.8 6682341.8 699.9
600862.5 6691862.0 707.2
292991.9 6635250.5 782.3
579349.1 6775640.1 652.2
744492.2 6517316.7 1007.7
1142265.3 6507054.8 1407.4
445429.3 6817255.8 735.4
1232875.3 6181993.7 954.1
343823.0 6969607.0 881.6
673429.4 6661143.3 784.3
1038775.0 6292451.5 790.2
665936.5 6879573.9 666.8
1000054.9 6910085.2 794.3
641368.1 6591991.3 791.4
1098782.8 6666571.4 1710.7
926231.7 6243209.2 748.2
1001437.2 6588604.6 1636.4
732430.8 6604121.9 820.8
1226284.3 6145270.1 991.1
1185975.4 6188622.2 711.3
987293.8 6744897.3 1172.8
936998.5 6847037.7 872.6
1190544.5 6500691.6 1212.2
568068.1 6972719.1 809.9
927212.7 7188856.4 713.0
1042288.0 6837757.2 943.9
760587.9 6442599.5 839.3
1185783.4 6188254.5 713.6
834329.8 6701532.4 930.9
1008768.9 6496646.2 1458.4
234241.4 6707059.5 813.2
604106.6 6641838.1 698.9
1002730.6 6265432.1 787.9
648058.3 6291986.7 971.8
1150534.5 7152331.6 617.9
738361.1 6704640.0 786.6
124931.3 6831620.7 952.8
884265.8 6663231.8 985.1
616620.1 6500914.5 1222.9
832235.5 6666542.6 900.6
656887.8 6711171.5 783.6
1056393.9 6307345.9 793.5
876097.0 7095448.5 746.7
657866.3 6191360.5 830.0
718890.2 6392721.3 971.6
444077.4 6299239.9 854.9
954349.0 6402028.6 1061.4
992557.7 6282389.8 906.5
106615.2 7044842.1 1009.2
486275.0 6323086.8 672.3
511115.2 7092521.9 694.4
259613.3 6789316.5 765.7
763195.6 6971297.9 772.4
619024.6 6564501.5 895.8
422079.0 6776522.8 713.6
964333.8 7138017.7 818.8
582789.5 6208931.9 1022.7
560371.7 6853891.1 616.2
714835.9 6968851.1 686.0
1014626.0 6406458.1 1335.7
916783.8 6738222.6 1029.4
920120.8 6788624.6 982.1
566142.6 6220748.2 974.3
1006760.1 6542133.8 1389.5
106102.9 6850270.3 952.9
767742.2 6377580.9 1392.6
538510.8 6656315.6 648.6
596145.5 6398571.7 1088.1
914648.6 7101265.9 699.7
711602.1 6520812.5 893.5
1072298.7 6447904.9 1051.9
441590.7 6513260.4 797.7
336854.8 6667160.9 724.3
331209.7 6769442.5 765.2
710717.9 7013561.9 636.6
652173.3 6661275.2 754.6
636866.1 6531491.8 968.2
837334.0 6388273.1 1042.4
653710.0 6813688.7 688.1
973508.7 6763875.5 1252.8
849358.2 6415102.8 993.8
741628.1 6484757.5 891.9
390814.7 6949862.2 845.9
990969.5 7015484.1 682.0
459702.1 7159252.5 584.8
150301.4 6288229.2 1035.3
954401.4 6243764.4 779.1
104689.5 6868062.9 939.0
614619.1 6890448.8 667.5
941303.0 6377203.8 1016.2
236963.6 7128747.0 1002.7
881078.9 6476497.5 1041.4
1021798.7 6294204.0 862.3
1064767.3 6468596.0 1477.5
641352.6 7004873.1 692.3
176208.3 6757386.7 879.1
654735.1 6493260.4 1071.0
1199930.2 6706489.7 1526.7
1205315.3 6131070.7 964.4
899764.8 6330005.2 1045.1
1176770.6 6176430.2 749.7
676413.9 6835582.1 712.0
346842.9 6669178.3 711.0
433601.2 6490073.5 794.6
529266.4 6274331.4 830.6
973962.7 6259294.4 779.0
1217859.4 6050598.9 575.2
965767.6 6445415.3 1216.1
1210230.8 6063988.0 667.9
503499.9 6192096.4 1198.2
587976.8 6478451.3 1094.5
469348.2 6874379.2 696.1
1044620.7 6302633.8 801.2
484676.2 7138120.5 596.9
738300.4 6916992.9 725.7
974736.2 6523417.8 1456.3
1165323.3 6386239.9 1376.2
396304.9 6274138.9 832.1
746463.3 6532471.6 1012.4
778336.1 6591621.6 868.8
1200006.9 6142473.8 1026.3
403169.1 6464334.7 734.1
1201793.5 6985613.1 603.2
173366.4 7127723.6 1287.9
622204.8 6364125.2 1057.2
333488.1 6273950.0 1088.7
903894.2 6438427.4 1309.9
713209.4 6520057.0 885.1
348713.6 6581609.0 832.4
696002.7 6624248.9 814.1
484344.9 6684637.7 590.6
698899.1 6728623.9 766.7
367900.6 6841193.9 912.0
652456.1 6732758.7 738.9
1181914.2 6722835.0 1409.2
533343.5 6389614.0 824.6
440225.4 6689229.7 572.2
618497.5 6912455.9 676.9
382786.0 6320973.9 784.1
846429.5 6338474.1 855.2
940265.3 6334675.6 836.6
135209.0 6854961.2 961.2
808311.4 6925954.6 830.6
852814.9 6314321.9 781.2
742563.9 6429806.8 839.0
978505.6 6391976.1 941.7
309756.0 6703855.0 802.8
979522.6 6898767.5 817.1
593018.1 6256547.4 806.4
989696.5 6303452.2 1114.7
675416.5 7109439.0 619.2
371929.6 6296323.4 860.4
448062.8 6903320.7 728.0
937073.3 6847912.4 870.2
178970.4 6773487.1 881.9
996938.1 7078266.9 763.9
558414.1 6530692.7 1008.6
1000021.5 6663036.5 1450.0
970546.5 6695156.9 1334.7
382820.1 7193337.8 644.1
818262.5 6751066.3 854.1
683625.1 6439271.4 1159.1
149614.6 6823654.2 1092.5
700866.4 6873857.5 736.6
872102.4 6995010.7 924.9
808696.0 6382952.3 1373.2
565879.3 6732419.6 648.0
1146132.1 6518468.7 1460.2
930458.0 6268423.8 799.6
608982.2 6765104.4 664.3
109963.5 7028813.7 1010.2
383732.8 6601610.7 749.9
953682.1 6630770.7 1681.4
937336.0 6880363.0 804.1
1012299.1 6325235.4 1112.7
641204.5 6852509.0 668.7
937444.7 6732362.6 1099.8
485581.3 6228898.8 1188.9
105512.8 6849585.8 949.5
686911.6 6467047.2 1093.3
746540.2 6335985.6 1377.1
701728.6 6805706.5 706.0
892366.6 6402371.1 1205.8
701001.7 6411372.0 1007.9
538327.3 6411372.8 846.4
1061313.7 6694238.8 1327.0
685239.8 6210440.8 585.6
685035.3 6647256.4 792.0
1004320.9 6872926.2 842.6
405686.8 6671594.2 649.6
764823.7 6673801.7 957.6
544948.7 6213049.2 1051.2
982895.7 6221013.1 733.2
968739.0 6547421.4 1545.7
361858.3 6379208.1 807.7
852307.4 6778839.1 935.5
1164757.2 6796139.0 1023.7
490572.3 6764325.9 653.9
629320.9 6313837.8 847.0
342755.9 6969305.2 885.2
501996.3 6060605.3 483.7
972852.5 6448853.9 1168.1
358412.4 6559589.2 813.7
1213290.5 6813578.2 941.0
809965.4 6981065.8 887.0
545520.4 6213628.6 1046.4
549584.3 6354237.3 867.7
839157.9 6637925.2 972.7
922804.5 7160749.1 691.9
320845.7 6196726.1 790.0
1229031.8 6089712.6 733.7
498398.0 6245242.3 1019.1
958929.2 6476991.3 1415.8
448486.7 6429352.5 710.1
600259.5 6689687.1 706.5
465025.2 6466976.3 810.0
345674.4 6623817.4 760.2
807796.3 6434112.1 1185.0
406250.6 6806854.1 780.3
481162.5 6348905.5 733.5
908863.9 6522413.5 1394.6
652912.2 7106239.2 589.4
422797.2 6259434.0 1018.3
837569.3 6388407.9 1039.6
530944.6 7095229.9 662.5
414000.4 6868261.5 874.4
508142.5 6345248.2 743.2
711752.9 6427154.9 956.8
796467.5 6469044.1 924.0
838535.9 6579368.3 1131.3
363053.5 6401392.5 813.3
1083778.3 6376268.4 1394.3
319114.7 6648323.5 746.7
1062206.8 6326039.9 1026.5
1057481.1 6818680.6 889.6
362899.0 6401475.0 813.9
919642.7 6472562.1 1417.8
955207.3 6335261.2 894.5
172710.4 6848306.7 929.4
494442.8 6922625.8 822.7
493281.7 6612419.1 662.0
873147.6 7122129.2 704.0
491585.7 6565844.3 813.4
733847.7 6878960.9 757.8
1049067.8 6296347.0 767.7
241131.7 6726560.4 827.5
379639.5 7126463.6 682.6
911127.4 6248830.1 723.4
1116130.9 6723426.3 1134.8
561471.6 6693998.7 663.3
507689.8 6344391.4 739.8
770902.6 6663762.3 1021.7
1012406.9 6964229.1 696.2
565585.2 6846743.0 607.4
199993.6 6804023.6 870.6
974787.7 6238763.8 742.8
707095.9 7052543.3 581.6
1032094.5 6806364.0 954.8
218987.3 6262607.4 1040.3
691966.6 6497023.4 1006.2
626507.5 7096472.2 624.9
732868.9 7025713.0 647.7
503981.9 6416505.2 780.7
142596.3 7206992.6 1260.5
699265.5 6441711.8 1027.4
1001539.9 6550398.2 1532.2
711784.1 6282320.7 1179.4
719818.2 6298584.5 1251.7
481710.2 6738759.7 635.5
371977.7 6389794.8 776.9
423338.7 7087267.5 739.7
376680.1 6572827.6 777.6
420854.0 6776655.0 714.6
654539.7 6950315.1 665.0
484242.1 7162701.4 557.0
1211403.5 6095091.0 855.2
544917.6 6797329.4 675.9
880324.8 6544524.1 1124.2
589195.8 6818855.1 625.3
848594.9 7199557.7 651.9
293970.6 6940020.9 824.0
600979.1 7071245.8 761.2
589663.3 6233497.2 837.5
568434.4 6272607.0 814.1
153659.4 6164062.4 689.5
426576.9 6442449.6 721.3
889628.1 6293915.0 768.0
228859.2 6717355.6 831.1
435666.2 7138017.7 624.9
1211130.6 6152099.2 1062.2
1033871.8 6282695.5 755.9
964671.5 6442478.2 1210.3
340670.1 6291056.0 1028.9
1210492.5 6064585.4 670.6
510376.0 6966296.0 964.3
371846.1 6390320.8 777.6
901194.9 6810001.2 954.8
571000.3 6427720.7 970.6
494203.1 6922022.1 818.9
762254.9 6550510.4 1089.3
682399.8 6492638.1 1055.7
994460.0 6494759.5 1240.2
758653.7 6785790.0 758.2
455977.6 6235832.8 1350.8
297396.9 6774925.6 770.7
918513.9 6264426.5 780.1
311859.2 7172185.6 776.7
892363.8 6624482.5 1143.8
395089.1 7061957.2 768.9
468525.6 7086321.7 725.1
924328.9 6472341.4 1466.3
268359.6 6842049.9 732.6
602175.1 7047208.4 785.9
541904.4 6928447.7 749.9
255419.7 6806028.8 758.9
1163211.4 6749203.9 1128.2
950439.1 6290383.6 806.4
1039507.1 6292360.7 787.8
437360.3 6348353.8 745.7
641501.2 6852784.0 668.8
402066.0 7086132.8 682.4
812999.0 6615235.2 943.1
522409.8 6354351.9 790.4
271034.4 6738208.0 839.7
954762.4 6794383.7 992.0
432140.6 6643705.9 643.6
888101.7 6590163.3 1281.4
474080.4 6507293.7 871.3
922834.7 6361736.9 1165.5
594271.5 7010885.4 830.3
580022.0 6450868.1 1014.4
1065699.4 7215395.5 650.9
938095.4 6492861.0 1566.9
511879.4 7156102.9 529.8
791868.5 6685579.9 930.6
886864.7 6934472.2 866.1
381314.4 6647094.2 705.4
824236.8 6393369.7 1233.3
569949.8 6882031.5 639.0
1225996.4 6220041.1 769.2
455804.8 6326319.9 665.7
879467.2 6262358.5 674.3
637082.2 7050570.8 676.6
895336.6 6715059.0 963.0
1232366.6 6182993.5 947.9
217826.1 6831466.9 840.3
397511.3 6930765.9 797.9
1207542.4 6732777.2 1302.9
818412.6 6966112.5 902.4
958154.7 6721534.4 1104.6
581228.6 6438588.7 1005.8
732892.1 6466861.6 807.8
224979.0 6870048.3 882.0
469384.9 6629436.1 596.4
409243.6 6421314.0 723.3
983909.3 6830758.0 936.9
423118.3 6259976.4 1012.6
562765.8 6983237.3 829.5
625646.2 6825577.2 652.4
156928.0 6764973.1 880.1
955329.5 6583414.1 1414.5
490945.1 6762552.2 653.0
594151.0 6321106.3 871.7
460130.3 6787007.5 699.4
834047.8 7172380.0 631.4
353395.4 7167167.3 701.4
148688.8 6769886.9 899.6
926242.5 6451759.0 1412.0
1014595.9 6341239.1 1169.6
391441.6 6346948.0 780.7
148850.7 6769950.5 899.8
1019182.9 6280310.7 780.3
629019.8 6313248.5 847.8
715434.0 6313722.0 1102.3
621846.5 6020225.0 666.4
771803.8 6880216.3 734.0
939628.7 6224467.4 740.1
714403.3 6969035.6 685.4
357194.4 6238939.0 1157.0
775603.0 6803193.6 748.5
634823.3 6850427.5 667.6
425138.4 6895629.4 778.0
840002.8 6838330.5 852.5
667294.8 6584003.7 754.1
962714.4 6557737.4 1509.2
817864.7 7015896.9 798.3
198478.7 7132106.3 1095.5
604496.2 6715819.2 713.0
359036.1 6559202.1 812.2
861590.2 6516227.7 1014.2
626753.4 6511706.3 1167.3
1135062.6 6617875.5 1776.1
310879.6 6703095.0 799.2
955116.4 6675094.4 1438.1
768994.5 6636008.4 960.5
801465.5 6493115.1 860.3
581070.2 7196596.7 608.5
344495.2 6968988.7 879.6
1167615.6 6137706.7 870.8
678853.2 6796667.5 684.5
1205423.1 6944600.7 708.0
1196819.1 6661646.7 1508.5
979273.2 6749240.2 1226.7
964567.1 6967375.5 826.9
154288.7 6842621.3 969.9
674396.0 6862664.1 700.4
518598.2 6810984.5 658.8
326277.5 6843089.5 776.0
626555.9 6224111.5 804.7
963930.1 6407780.6 1067.7
567716.6 6922637.2 713.3
798499.6 6390467.9 1405.3
905478.5 6578837.6 1525.4
837013.5 6269349.5 692.8
564847.0 6299138.3 848.2
984821.1 6569828.7 1657.3
909417.4 6234017.6 696.2
929362.1 6662509.8 1386.4
261202.7 6164827.9 650.0
622992.8 7023099.2 721.7
1083826.3 7133860.3 794.3
229081.7 6846809.8 822.2
657887.0 6248492.1 821.3
520624.4 6777842.6 670.6
575726.3 6480240.7 1034.0
796029.3 6653189.0 941.4
704876.6 6201993.3 577.2
558824.6 6531664.4 1007.6
651409.8 6662299.5 755.0
985674.8 6260548.7 753.0
799193.3 6890595.7 771.6
268468.5 6841521.6 731.1
426809.7 6619190.9 719.5
626392.5 6478151.7 1246.5
423991.9 6114663.2 712.9
1145528.6 6803561.8 985.4
825528.5 6569866.4 1073.5
800057.8 7207386.9 622.0
956571.9 6227420.7 755.1
723163.8 6951683.4 700.4
855876.8 6271190.4 682.3
425907.1 6923173.2 753.4
665046.8 6905698.8 672.5
887433.8 7176178.8 674.4
833721.6 6466645.4 1092.6
654142.5 6421536.9 1264.9
741173.2 6744544.0 737.2
987366.9 6426753.2 942.2
813074.0 6307431.8 828.0
982962.3 6220737.8 733.3
1153245.6 6580235.9 1745.8
233000.0 6810439.1 815.4
766647.7 6418003.5 1023.3
534192.6 6592475.4 738.8
450647.8 6723178.0 615.5
975239.5 6593177.4 1403.7
764033.4 7159954.6 574.6
658792.4 6368056.2 1073.2
665859.3 7013896.3 668.4
1051538.3 6841909.8 872.1
851668.7 6515252.6 1031.7
559271.3 6262926.4 813.0
689566.4 6406326.9 1074.0
621477.5 6612744.9 775.5
990521.5 6732633.8 1218.2
407762.2 6636631.9 714.1
752264.6 6449835.7 804.2
679699.9 6762454.6 694.5
347610.0 6784839.2 752.3
416235.5 6524514.5 763.4
914817.3 6400768.1 1254.1
805117.0 6775064.0 825.7
848871.6 6340142.6 856.0
616551.4 7004813.7 723.2
557535.9 6358664.1 894.9
916604.5 6276113.0 792.0
611777.1 6210712.6 909.9
851600.3 6515398.9 1031.4
487719.2 6937344.4 922.0
333133.6 6273896.1 1090.3
489423.5 6940955.7 930.6
804822.2 7138262.7 595.9
841128.2 6323739.0 819.3
363874.4 7132986.1 699.2
672835.9 6661386.6 783.8
650303.7 6833578.5 680.2
883011.6 6771932.5 960.9
485522.5 6818352.1 687.8
573092.0 6406384.8 980.1
1015649.5 6820313.5 1187.9
600044.4 7086831.9 751.8
1076498.5 6886073.2 736.7
714956.4 6847430.9 754.2
568195.1 6271463.3 812.0
377752.2 6483880.8 771.5
787803.2 6300178.8 912.8
1019697.2 6900450.2 830.7
936991.5 6583559.8 1562.1
487840.8 6938342.0 924.8
686315.8 6379526.2 1085.8
855599.2 6425902.7 955.7
654389.5 6846831.0 680.8
708561.4 6655351.8 840.8
418976.4 6319673.1 731.8
550230.7 6333773.5 807.2
892254.0 6358024.0 1088.2
974896.8 6472548.9 1281.5
779714.8 6710309.0 879.2
963280.9 6216564.0 741.4
615494.9 6156569.4 1031.9
347915.2 6784950.8 752.5
664279.3 7053711.2 594.3
797650.5 6436962.2 1100.6
474533.1 6388768.2 678.1
658095.4 6874305.7 664.4
997633.2 6710740.3 1407.6
794279.3 6282340.3 756.0
560233.5 6569362.2 893.6
148209.3 6282831.8 1040.5
52126.6 6092875.7 569.9
685662.8 6354513.9 1034.9
944456.6 6391277.4 1037.8
273819.0 6811685.7 710.3
622700.0 7073224.9 678.8
644713.9 6235881.7 724.3
568424.5 6282575.1 832.1
165696.6 6787564.8 946.7
869595.2 6280138.1 705.6
791935.7 6396996.6 1332.8
636683.5 6927802.8 677.7
366816.7 6592508.1 778.9
870057.3 6356792.8 909.9
600960.5 7071524.8 760.9
626506.3 6852676.5 665.3
812444.6 6322497.9 948.1
505926.5 6225897.8 1091.4
1061483.6 6777728.6 1165.3
866306.8 6662632.5 1005.7
311780.7 7060420.1 904.7
1000354.9 6544020.8 1496.6
1056276.1 6317096.5 915.0
1250928.3 6394297.1 1398.7
596472.3 6347644.4 972.6
967057.6 6815291.6 925.5
186839.4 6771326.8 872.1
1039458.3 6731898.4 1106.7
408767.0 6235519.8 1273.3
1073492.6 6765118.5 1371.4
371873.3 6295232.1 862.8
1148598.0 6713538.7 1365.9
627234.9 6853149.2 665.5
450664.5 6920354.1 768.2
1000006.7 6854348.5 902.4
922249.5 6316208.9 922.6
622099.6 6521092.6 1183.9
864173.5 6333353.1 817.7
608863.8 6766291.7 662.5
1092403.0 6894471.3 706.3
732425.9 6259922.2 911.2
1106363.9 6722749.3 1191.2
428228.4 6695935.5 589.3
344090.6 6235347.1 1155.9
436177.0 6855985.0 805.1
